7 2 
14 2 
18 2 
26 2 
32 2 
36 2 
44 2 
53 2 
56 2 
58 2 
89 2 
92 2 
104 2 
106 2 
119 2 
125 2 
143 2 
156 2 
175 2 
179 2 
190 2 
197 2 
213 2 
220 3 
223 2 
266 2 
270 2 
285 2 
293 2 
308 3 
329 2 
331 2 
337 2 
351 4 
367 2 
372 2 
382 2 
392 3 
400 3 
402 2 
409 2 
412 3 
440 2 
470 2 
473 2 
491 2 
498 2 
501 2 
507 2 
519 2 
531 2 
534 2 
539 2 
561 2 
583 2 
588 2 
594 3 
616 2 
618 2 
620 2 
638 2 
647 2 
655 2 
660 2 
673 3 
676 2 
680 2 
717 3 
731 3 
747 2 
771 2 
776 2 
785 3 
796 3 
803 2 
809 2 
811 2 
829 2 
851 2 
858 2 
881 2 
887 2 
909 2 
914 2 
917 2 
924 2 
929 2 
931 2 
947 2 
955 3 
957 2 
967 2 
973 2 
978 3 
990 2 
1000 3 
